4.12782
10.0729
-31.0437
10.2332
12.5169
10.0729
4.12782
4.07308
10.2332
4.12782
10.2332
10.0729
9.79194
10.0729
12.5169
1.31475
-31.0437
10.0729
9.79194
-1.19545
1.31475
9.79194
1.31475
10.0729
5.69845
-9.95021
-1.19545
-1.62096
-23.5779
-9.95021
5.69845
4.07308
-1.62096
5.69845
-1.62096
-9.95021
10.2332
9.79194
12.5169
5.69845
-1.19545
9.79194
10.2332
4.07308
5.69845
10.2332
5.69845
9.79194
4.12782
10.0729
-31.0437
10.2332
12.5169
10.0729
4.12782
4.07308
10.2332
4.12782
10.2332
10.0729
9.79194
10.0729
12.5169
1.31475
-31.0437
10.0729
9.79194
-1.19545
1.31475
9.79194
1.31475
10.0729
5.69845
-9.95021
-1.19545
-1.62096
-23.5779
-9.95021
5.69845
4.07308
-1.62096
5.69845
-1.62096
-9.95021
10.2332
9.79194
12.5169
5.69845
-1.19545
9.79194
10.2332
4.07308
5.69845
10.2332
5.69845
9.79194
11.1256
4.58078
-16.3236
10.2436
4.35068
4.58078
11.1256
13.1012
10.2436
11.1256
10.2436
4.58078
6.5528
-3.64267
4.35068
-10.0061
-38.7162
-3.64267
6.5528
-0.288927
-10.0061
6.5528
-10.0061
-3.64267
10.7967
1.8005
-0.288927
11.1256
-16.3236
1.8005
10.7967
13.1012
11.1256
10.7967
11.1256
1.8005
10.2436
6.5528
4.35068
10.7967
-0.288927
6.5528
10.2436
13.1012
10.7967
10.2436
10.7967
6.5528
11.1256
4.58078
-16.3236
10.2436
4.35068
4.58078
11.1256
13.1012
10.2436
11.1256
10.2436
4.58078
6.5528
-3.64267
4.35068
-10.0061
-38.7162
-3.64267
6.5528
-0.288927
-10.0061
6.5528
-10.0061
-3.64267
10.7967
1.8005
-0.288927
11.1256
-16.3236
1.8005
10.7967
13.1012
11.1256
10.7967
11.1256
1.8005
10.2436
6.5528
4.35068
10.7967
-0.288927
6.5528
10.2436
13.1012
10.7967
10.2436
10.7967
6.5528
-42.6136
-38.6155
-104.125
-23.981
-25.1124
-38.6155
-42.6136
-20.2912
-23.981
-42.6136
-23.981
-38.6155
-10.6079
-22.7418
-25.1124
4.12782
-31.0437
-22.7418
-10.6079
4.07308
4.12782
-10.6079
4.12782
-22.7418
-9.54542
-1.62096
4.07308
-13.4613
-23.5779
-1.62096
-9.54542
-20.2912
-13.4613
-9.54542
-13.4613
-1.62096
-23.981
-10.6079
-25.1124
-9.54542
4.07308
-10.6079
-23.981
-20.2912
-9.54542
-23.981
-9.54542
-10.6079
-43.2254
-39.2115
-104.125
-24.2763
-26.3227
-39.2115
-43.2254
-19.1825
-24.2763
-43.2254
-24.2763
-39.2115
-12.6907
-24.8232
-26.3227
-3.64267
-38.7162
-24.8232
-12.6907
4.35068
-3.64267
-12.6907
-3.64267
-24.8232
-7.04251
4.58078
4.35068
-10.1166
-16.3236
4.58078
-7.04251
-19.1825
-10.1166
-7.04251
-10.1166
4.58078
-24.2763
-12.6907
-26.3227
-7.04251
4.35068
-12.6907
-24.2763
-19.1825
-7.04251
-24.2763
-7.04251
-12.6907
-42.6136
-38.6155
-104.125
-23.981
-25.1124
-38.6155
-42.6136
-20.2912
-23.981
-42.6136
-23.981
-38.6155
-10.6079
-22.7418
-25.1124
4.12782
-31.0437
-22.7418
-10.6079
4.07308
4.12782
-10.6079
4.12782
-22.7418
-9.54542
-1.62096
4.07308
-13.4613
-23.5779
-1.62096
-9.54542
-20.2912
-13.4613
-9.54542
-13.4613
-1.62096
-23.981
-10.6079
-25.1124
-9.54542
4.07308
-10.6079
-23.981
-20.2912
-9.54542
-23.981
-9.54542
-10.6079
-43.2254
-39.2115
-104.125
-24.2763
-26.3227
-39.2115
-43.2254
-19.1825
-24.2763
-43.2254
-24.2763
-39.2115
-12.6907
-24.8232
-26.3227
-3.64267
-38.7162
-24.8232
-12.6907
4.35068
-3.64267
-12.6907
-3.64267
-24.8232
-7.04251
4.58078
4.35068
-10.1166
-16.3236
4.58078
-7.04251
-19.1825
-10.1166
-7.04251
-10.1166
4.58078
-24.2763
-12.6907
-26.3227
-7.04251
4.35068
-12.6907
-24.2763
-19.1825
-7.04251
-24.2763
-7.04251
-12.6907
45.889
30.1007
53.8335
23.3366
2.86365
30.1007
45.889
41.406
23.3366
45.889
23.3366
30.1007
4.9088
-39.9051
2.86365
-18.2052
-104.125
-39.9051
4.9088
4.50014
-18.2052
4.9088
-18.2052
-39.9051
21.1679
15.3178
4.50014
33.3286
-5.63456
15.3178
21.1679
41.406
33.3286
21.1679
33.3286
15.3178
23.3366
4.9088
2.86365
21.1679
4.50014
4.9088
23.3366
41.406
21.1679
23.3366
21.1679
4.9088
-13.4613
-27.8557
-23.5779
-11.7693
-22.6478
-27.8557
-13.4613
-20.2912
-11.7693
-13.4613
-11.7693
-27.8557
0.117572
-14.4826
-22.6478
15.3178
-5.63456
-14.4826
0.117572
4.50014
15.3178
0.117572
15.3178
-14.4826
-10.2681
-18.2052
4.50014
-42.6136
-104.125
-18.2052
-10.2681
-20.2912
-42.6136
-10.2681
-42.6136
-18.2052
-11.7693
0.117572
-22.6478
-10.2681
4.50014
0.117572
-11.7693
-20.2912
-10.2681
-11.7693
-10.2681
0.117572
43.5111
0.572018
2.34105
41.9422
-4.14936
0.572018
43.5111
55.3395
41.9422
43.5111
41.9422
0.572018
21.6074
-20.3571
-4.14936
-13.5335
-38.7162
-20.3571
21.6074
14.6335
-13.5335
21.6074
-13.5335
-20.3571
45.8732
38.2745
14.6335
55.483
53.8335
38.2745
45.8732
55.3395
55.483
45.8732
55.483
38.2745
41.9422
21.6074
-4.14936
45.8732
14.6335
21.6074
41.9422
55.3395
45.8732
41.9422
45.8732
21.6074
-39.2115
-39.9051
-104.125
-18.4883
2.86365
-39.9051
-39.2115
-26.3227
-18.4883
-39.2115
-18.4883
-39.9051
7.81445
30.1007
2.86365
38.2745
53.8335
30.1007
7.81445
14.6335
38.2745
7.81445
38.2745
30.1007
-12.8834
-13.5335
14.6335
-24.8232
-38.7162
-13.5335
-12.8834
-26.3227
-24.8232
-12.8834
-24.8232
-13.5335
-18.4883
7.81445
2.86365
-12.8834
14.6335
7.81445
-18.4883
-26.3227
-12.8834
-18.4883
-12.8834
7.81445
-93.2462
-110.694
-111.634
-93.9398
-115.489
-110.694
-93.2462
-67.9704
-93.9398
-93.2462
-93.9398
-110.694
-95.1796
-115.452
-115.489
-91.9463
-115.712
-115.452
-95.1796
-67.2143
-91.9463
-95.1796
-91.9463
-115.452
-69.2405
-44.7443
-67.2143
-42.5267
2.34105
-44.7443
-69.2405
-67.9704
-42.5267
-69.2405
-42.5267
-44.7443
-93.9398
-95.1796
-115.489
-69.2405
-67.2143
-95.1796
-93.9398
-67.9704
-69.2405
-93.9398
-69.2405
-95.1796
-46.2362
-20.3571
-38.7162
-39.6637
-4.14936
-20.3571
-46.2362
-64.5739
-39.6637
-46.2362
-39.6637
-20.3571
-43.2699
0.572018
-4.14936
-44.7443
2.34105
0.572018
-43.2699
-67.2143
-44.7443
-43.2699
-44.7443
0.572018
-61.3235
-91.9463
-67.2143
-94.4327
-115.712
-91.9463
-61.3235
-64.5739
-94.4327
-61.3235
-94.4327
-91.9463
-39.6637
-43.2699
-4.14936
-61.3235
-67.2143
-43.2699
-39.6637
-64.5739
-61.3235
-39.6637
-61.3235
-43.2699
-51.0101
-14.4826
-5.63456
-49.6411
-22.6478
-14.4826
-51.0101
-72.7026
-49.6411
-51.0101
-49.6411
-14.4826
-51.087
-27.8557
-22.6478
-50.7906
-23.5779
-27.8557
-51.087
-71.9731
-50.7906
-51.087
-50.7906
-27.8557
-68.5907
-92.0644
-71.9731
-94.9857
-111.634
-92.0644
-68.5907
-72.7026
-94.9857
-68.5907
-94.9857
-92.0644
-49.6411
-51.087
-22.6478
-68.5907
-71.9731
-51.087
-49.6411
-72.7026
-68.5907
-49.6411
-68.5907
-51.087
-94.0319
-115.452
-115.712
-98.9858
-115.489
-115.452
-94.0319
-63.2082
-98.9858
-94.0319
-98.9858
-115.452
-97.8219
-110.694
-115.489
-92.0644
-111.634
-110.694
-97.8219
-71.9731
-92.0644
-97.8219
-92.0644
-110.694
-71.7943
-50.7906
-71.9731
-43.2568
-23.5779
-50.7906
-71.7943
-63.2082
-43.2568
-71.7943
-43.2568
-50.7906
-98.9858
-97.8219
-115.489
-71.7943
-71.9731
-97.8219
-98.9858
-63.2082
-71.7943
-98.9858
-71.7943
-97.8219
-94.4327
-116.056
-115.712
-96.854
-116.386
-116.056
-94.4327
-64.5739
-96.854
-94.4327
-96.854
-116.056
-90.0873
-115.29
-116.386
-85.7044
-114.439
-115.29
-90.0873
-52.1336
-85.7044
-90.0873
-85.7044
-115.29
-65.0628
-41.639
-52.1336
-46.2362
-38.7162
-41.639
-65.0628
-64.5739
-46.2362
-65.0628
-46.2362
-41.639
-96.854
-90.0873
-116.386
-65.0628
-52.1336
-90.0873
-96.854
-64.5739
-65.0628
-96.854
-65.0628
-90.0873
-40.2753
1.8005
-16.3236
-20.5309
-0.288927
1.8005
-40.2753
-61.1968
-20.5309
-40.2753
-20.5309
1.8005
-22.2326
-10.0061
-0.288927
-41.639
-38.7162
-10.0061
-22.2326
-52.1336
-41.639
-22.2326
-41.639
-10.0061
-47.966
-85.7044
-52.1336
-92.7426
-114.439
-85.7044
-47.966
-61.1968
-92.7426
-47.966
-92.7426
-85.7044
-20.5309
-22.2326
-0.288927
-47.966
-52.1336
-22.2326
-20.5309
-61.1968
-47.966
-20.5309
-47.966
-22.2326
-43.2568
-9.95021
-23.5779
-26.5139
-1.19545
-9.95021
-43.2568
-63.2082
-26.5139
-43.2568
-26.5139
-9.95021
-19.1345
1.31475
-1.19545
-36.5203
-31.0437
1.31475
-19.1345
-48.253
-36.5203
-19.1345
-36.5203
1.31475
-48.5911
-85.9055
-48.253
-94.0319
-115.712
-85.9055
-48.5911
-63.2082
-94.0319
-48.5911
-94.0319
-85.9055
-26.5139
-19.1345
-1.19545
-48.5911
-48.253
-19.1345
-26.5139
-63.2082
-48.5911
-26.5139
-48.5911
-19.1345
-93.9846
-115.29
-114.439
-96.9606
-116.386
-115.29
-93.9846
-58.3944
-96.9606
-93.9846
-96.9606
-115.29
-90.1387
-116.056
-116.386
-85.9055
-115.712
-116.056
-90.1387
-48.253
-85.9055
-90.1387
-85.9055
-116.056
-58.8104
-36.5203
-48.253
-41.1457
-31.0437
-36.5203
-58.8104
-58.3944
-41.1457
-58.8104
-41.1457
-36.5203
-96.9606
-90.1387
-116.386
-58.8104
-48.253
-90.1387
-96.9606
-58.3944
-58.8104
-96.9606
-58.8104
-90.1387
-38.6155
-40.2839
-104.125
-18.278
3.83718
-40.2839
-38.6155
-25.1124
-18.278
-38.6155
-18.278
-40.2839
8.45511
31.6588
3.83718
40.5197
55.4059
31.6588
8.45511
14.1873
40.5197
8.45511
40.5197
31.6588
-12.8123
-12.8583
14.1873
-22.7418
-31.0437
-12.8583
-12.8123
-25.1124
-22.7418
-12.8123
-22.7418
-12.8583
-18.278
8.45511
3.83718
-12.8123
14.1873
8.45511
-18.278
-25.1124
-12.8123
-18.278
-12.8123
8.45511
44.0335
-3.45003
2.65215
42.6127
-12.9665
-3.45003
44.0335
58.2093
42.6127
44.0335
42.6127
-3.45003
20.4398
-25.7424
-12.9665
-12.8583
-31.0437
-25.7424
20.4398
14.1873
-12.8583
20.4398
-12.8583
-25.7424
47.1886
40.5197
14.1873
58.3351
55.4059
40.5197
47.1886
58.2093
58.3351
47.1886
58.3351
40.5197
42.6127
20.4398
-12.9665
47.1886
14.1873
20.4398
42.6127
58.2093
47.1886
42.6127
47.1886
20.4398
-10.1166
-25.4078
-16.3236
-10.7049
-26.6299
-25.4078
-10.1166
-19.1825
-10.7049
-10.1166
-10.7049
-25.4078
-0.773697
-19.5197
-26.6299
16.2401
-6.72914
-19.5197
-0.773697
4.863
16.2401
-0.773697
16.2401
-19.5197
-10.2356
-18.2728
4.863
-43.2254
-104.125
-18.2728
-10.2356
-19.1825
-43.2254
-10.2356
-43.2254
-18.2728
-10.7049
-0.773697
-26.6299
-10.2356
4.863
-0.773697
-10.7049
-19.1825
-10.2356
-10.7049
-10.2356
-0.773697
46.3767
31.6588
55.4059
24.7019
3.83718
31.6588
46.3767
41.622
24.7019
46.3767
24.7019
31.6588
5.6093
-40.2839
3.83718
-18.2728
-104.125
-40.2839
5.6093
4.863
-18.2728
5.6093
-18.2728
-40.2839
22.5403
16.2401
4.863
33.6145
-6.72914
16.2401
22.5403
41.622
33.6145
22.5403
33.6145
16.2401
24.7019
5.6093
3.83718
22.5403
4.863
5.6093
24.7019
41.622
22.5403
24.7019
22.5403
5.6093
-92.7426
-116.218
-114.439
-98.6323
-116.89
-116.218
-92.7426
-61.1968
-98.6323
-92.7426
-98.6323
-116.218
-95.4045
-111.63
-116.89
-92.0801
-111.99
-111.63
-95.4045
-70.1399
-92.0801
-95.4045
-92.0801
-111.63
-71.3886
-48.5929
-70.1399
-40.2753
-16.3236
-48.5929
-71.3886
-61.1968
-40.2753
-71.3886
-40.2753
-48.5929
-98.6323
-95.4045
-116.89
-71.3886
-70.1399
-95.4045
-98.6323
-61.1968
-71.3886
-98.6323
-71.3886
-95.4045
-56.2076
-19.5197
-6.72914
-57.9414
-26.6299
-19.5197
-56.2076
-77.3309
-57.9414
-56.2076
-57.9414
-19.5197
-53.3571
-25.4078
-26.6299
-48.5929
-16.3236
-25.4078
-53.3571
-70.1399
-48.5929
-53.3571
-48.5929
-25.4078
-71.9029
-92.0801
-70.1399
-97.0849
-111.99
-92.0801
-71.9029
-77.3309
-97.0849
-71.9029
-97.0849
-92.0801
-57.9414
-53.3571
-26.6299
-71.9029
-70.1399
-53.3571
-57.9414
-77.3309
-71.9029
-57.9414
-71.9029
-53.3571
-41.1457
-25.7424
-31.0437
-42.286
-12.9665
-25.7424
-41.1457
-58.3944
-42.286
-41.1457
-42.286
-25.7424
-49.5725
-3.45003
-12.9665
-47.0041
2.65215
-3.45003
-49.5725
-70.8217
-47.0041
-49.5725
-47.0041
-3.45003
-60.0014
-93.2411
-70.8217
-93.9846
-114.439
-93.2411
-60.0014
-58.3944
-93.9846
-60.0014
-93.9846
-93.2411
-42.286
-49.5725
-12.9665
-60.0014
-70.8217
-49.5725
-42.286
-58.3944
-60.0014
-42.286
-60.0014
-49.5725
-93.9513
-111.63
-111.99
-95.5565
-116.89
-111.63
-93.9513
-68.1897
-95.5565
-93.9513
-95.5565
-111.63
-97.9708
-116.218
-116.89
-93.2411
-114.439
-116.218
-97.9708
-70.8217
-93.2411
-97.9708
-93.2411
-116.218
-70.8818
-47.0041
-70.8217
-40.942
2.65215
-47.0041
-70.8818
-68.1897
-40.942
-70.8818
-40.942
-47.0041
-95.5565
-97.9708
-116.89
-70.8818
-70.8217
-97.9708
-95.5565
-68.1897
-70.8818
-95.5565
-70.8818
-97.9708
58.3351
56.5843
55.4059
54.4094
51.7557
56.5843
58.3351
58.2093
54.4094
58.3351
54.4094
56.5843
47.9559
48.2569
51.7557
48.3475
50.8888
48.2569
47.9559
45.6008
48.3475
47.9559
48.3475
48.2569
49.1091
36.9203
45.6008
44.0335
2.65215
36.9203
49.1091
58.2093
44.0335
49.1091
44.0335
36.9203
54.4094
47.9559
51.7557
49.1091
45.6008
47.9559
54.4094
58.2093
49.1091
54.4094
49.1091
47.9559
34.9898
0.163536
-0.090731
36.0854
0.658074
0.163536
34.9898
43.5409
36.0854
34.9898
36.0854
0.163536
35.3241
2.09028
0.658074
36.9203
2.65215
2.09028
35.3241
45.6008
36.9203
35.3241
36.9203
2.09028
42.9975
48.3475
45.6008
49.6473
50.8888
48.3475
42.9975
43.5409
49.6473
42.9975
49.6473
48.3475
36.0854
35.3241
0.658074
42.9975
45.6008
35.3241
36.0854
43.5409
42.9975
36.0854
42.9975
35.3241
33.6145
0.233505
-6.72914
41.6158
2.56734
0.233505
33.6145
41.622
41.6158
33.6145
41.6158
0.233505
40.6351
1.4405
2.56734
37.1999
0.938725
1.4405
40.6351
49.45
37.1999
40.6351
37.1999
1.4405
50.4578
53.8656
49.45
46.3767
55.4059
53.8656
50.4578
41.622
46.3767
50.4578
46.3767
53.8656
41.6158
40.6351
2.56734
50.4578
49.45
40.6351
41.6158
41.622
50.4578
41.6158
50.4578
40.6351
47.1612
48.2569
50.8888
47.6028
51.7557
48.2569
47.1612
44.6549
47.6028
47.1612
47.6028
48.2569
49.9131
56.5843
51.7557
53.8656
55.4059
56.5843
49.9131
49.45
53.8656
49.9131
53.8656
56.5843
44.4869
37.1999
49.45
35.7292
0.938725
37.1999
44.4869
44.6549
35.7292
44.4869
35.7292
37.1999
47.6028
49.9131
51.7557
44.4869
49.45
49.9131
47.6028
44.6549
44.4869
47.6028
44.4869
49.9131
-97.0849
-111.391
-111.99
-97.709
-113.788
-111.391
-97.0849
-77.3309
-97.709
-97.0849
-97.709
-111.391
-98.2399
-109.304
-113.788
-93.192
-107.883
-109.304
-98.2399
-74.0241
-93.192
-98.2399
-93.192
-109.304
-76.4155
-50.3072
-74.0241
-56.2076
-6.72914
-50.3072
-76.4155
-77.3309
-56.2076
-76.4155
-56.2076
-50.3072
-97.709
-98.2399
-113.788
-76.4155
-74.0241
-98.2399
-97.709
-77.3309
-76.4155
-97.709
-76.4155
-98.2399
-43.122
1.4405
0.938725
-42.7517
2.56734
1.4405
-43.122
-69.6415
-42.7517
-43.122
-42.7517
1.4405
-46.0723
0.233505
2.56734
-50.3072
-6.72914
0.233505
-46.0723
-74.0241
-50.3072
-46.0723
-50.3072
0.233505
-69.5549
-93.192
-74.0241
-92.2554
-107.883
-93.192
-69.5549
-69.6415
-92.2554
-69.5549
-92.2554
-93.192
-42.7517
-46.0723
2.56734
-69.5549
-74.0241
-46.0723
-42.7517
-69.6415
-69.5549
-42.7517
-69.5549
-46.0723
-40.942
2.09028
2.65215
-39.9335
0.658074
2.09028
-40.942
-68.1897
-39.9335
-40.942
-39.9335
2.09028
-42.0596
0.163536
0.658074
-43.7157
-0.090731
0.163536
-42.0596
-70.2538
-43.7157
-42.0596
-43.7157
0.163536
-67.7312
-93.0916
-70.2538
-93.9513
-111.99
-93.0916
-67.7312
-68.1897
-93.9513
-67.7312
-93.9513
-93.0916
-39.9335
-42.0596
0.658074
-67.7312
-70.2538
-42.0596
-39.9335
-68.1897
-67.7312
-39.9335
-67.7312
-42.0596
-92.3512
-109.304
-107.883
-93.9723
-113.788
-109.304
-92.3512
-69.7534
-93.9723
-92.3512
-93.9723
-109.304
-95.848
-111.391
-113.788
-93.0916
-111.99
-111.391
-95.848
-70.2538
-93.0916
-95.848
-93.0916
-111.391
-71.4754
-43.7157
-70.2538
-44.1609
-0.090731
-43.7157
-71.4754
-69.7534
-44.1609
-71.4754
-44.1609
-43.7157
-93.9723
-95.848
-113.788
-71.4754
-70.2538
-95.848
-93.9723
-69.7534
-71.4754
-93.9723
-71.4754
-95.848
49.6473
50.4159
50.8888
46.4106
48.5153
50.4159
49.6473
43.5409
46.4106
49.6473
46.4106
50.4159
45.0114
50.4666
48.5153
47.0451
50.9731
50.4666
45.0114
42.5183
47.0451
45.0114
47.0451
50.4666
46.8485
34.0882
42.5183
34.9898
-0.090731
34.0882
46.8485
43.5409
34.9898
46.8485
34.9898
34.0882
46.4106
45.0114
48.5153
46.8485
42.5183
45.0114
46.4106
43.5409
46.8485
46.4106
46.8485
45.0114
35.6103
0.495026
0.899286
34.721
-0.440107
0.495026
35.6103
43.8602
34.721
35.6103
34.721
0.495026
35.6139
-0.0524875
-0.440107
34.0882
-0.090731
-0.0524875
35.6139
42.5183
34.0882
35.6139
34.0882
-0.0524875
46.8069
47.0451
42.5183
47.2707
50.9731
47.0451
46.8069
43.8602
47.2707
46.8069
47.2707
47.0451
34.721
35.6139
-0.440107
46.8069
42.5183
35.6139
34.721
43.8602
46.8069
34.721
46.8069
35.6139
35.7292
0.502491
0.938725
34.8627
-0.438891
0.502491
35.7292
44.6549
34.8627
35.7292
34.8627
0.502491
35.612
0.0196205
-0.438891
34.0105
-0.0833391
0.0196205
35.612
42.5379
34.0105
35.612
34.0105
0.0196205
46.7583
47.1549
42.5379
47.1612
50.8888
47.1549
46.7583
44.6549
47.1612
46.7583
47.1612
47.1549
34.8627
35.612
-0.438891
46.7583
42.5379
35.612
34.8627
44.6549
46.7583
34.8627
46.7583
35.612
49.56
50.4666
50.9731
46.3751
48.5153
50.4666
49.56
42.7582
46.3751
49.56
46.3751
50.4666
44.9781
50.4159
48.5153
47.1549
50.8888
50.4159
44.9781
42.5379
47.1549
44.9781
47.1549
50.4159
46.86
34.0105
42.5379
35.1342
-0.0833391
34.0105
46.86
42.7582
35.1342
46.86
35.1342
34.0105
46.3751
44.9781
48.5153
46.86
42.5379
44.9781
46.3751
42.7582
46.86
46.3751
46.86
44.9781
-92.2554
-108.516
-107.883
-93.0846
-110.434
-108.516
-92.2554
-69.6415
-93.0846
-92.2554
-93.0846
-108.516
-94.6542
-108.789
-110.434
-92.1793
-108.487
-108.789
-94.6542
-71.1829
-92.1793
-94.6542
-92.1793
-108.789
-70.3055
-42.7647
-71.1829
-43.122
0.938725
-42.7647
-70.3055
-69.6415
-43.122
-70.3055
-43.122
-42.7647
-93.0846
-94.6542
-110.434
-70.3055
-71.1829
-94.6542
-93.0846
-69.6415
-70.3055
-93.0846
-70.3055
-94.6542
-44.2223
0.0196205
-0.0833391
-41.4798
-0.438891
0.0196205
-44.2223
-69.5903
-41.4798
-44.2223
-41.4798
0.0196205
-44.408
0.502491
-0.438891
-42.7647
0.938725
0.502491
-44.408
-71.1829
-42.7647
-44.408
-42.7647
0.502491
-68.3688
-92.1793
-71.1829
-92.245
-108.487
-92.1793
-68.3688
-69.5903
-92.245
-68.3688
-92.245
-92.1793
-41.4798
-44.408
-0.438891
-68.3688
-71.1829
-44.408
-41.4798
-69.5903
-68.3688
-41.4798
-68.3688
-44.408
-44.1609
-0.0524875
-0.090731
-41.9826
-0.440107
-0.0524875
-44.1609
-69.7534
-41.9826
-44.1609
-41.9826
-0.0524875
-44.0566
0.495026
-0.440107
-42.6196
0.899286
0.495026
-44.0566
-70.6673
-42.6196
-44.0566
-42.6196
0.495026
-68.7215
-92.583
-70.6673
-92.3512
-107.883
-92.583
-68.7215
-69.7534
-92.3512
-68.7215
-92.3512
-92.583
-41.9826
-44.0566
-0.440107
-68.7215
-70.6673
-44.0566
-41.9826
-69.7534
-68.7215
-41.9826
-68.7215
-44.0566
-92.3741
-108.789
-108.487
-93.524
-110.434
-108.789
-92.3741
-69.8294
-93.524
-92.3741
-93.524
-108.789
-94.467
-108.516
-110.434
-92.583
-107.883
-108.516
-94.467
-70.6673
-92.583
-94.467
-92.583
-108.516
-70.6377
-42.6196
-70.6673
-43.1409
0.899286
-42.6196
-70.6377
-69.8294
-43.1409
-70.6377
-43.1409
-42.6196
-93.524
-94.467
-110.434
-70.6377
-70.6673
-94.467
-93.524
-69.8294
-70.6377
-93.524
-70.6377
-94.467
47.2707
48.5113
50.9731
47.2039
51.881
48.5113
47.2707
43.8602
47.2039
47.2707
47.2039
48.5113
50.7264
56.1499
51.881
54.2447
53.8335
56.1499
50.7264
49.6336
54.2447
50.7264
54.2447
56.1499
47.3413
36.93
49.6336
35.6103
0.899286
36.93
47.3413
43.8602
35.6103
47.3413
35.6103
36.93
47.2039
50.7264
51.881
47.3413
49.6336
50.7264
47.2039
43.8602
47.3413
47.2039
47.3413
50.7264
33.3286
0.0733101
-5.63456
41.3435
2.27124
0.0733101
33.3286
41.406
41.3435
33.3286
41.3435
0.0733101
41.2356
1.12492
2.27124
36.93
0.899286
1.12492
41.2356
49.6336
36.93
41.2356
36.93
1.12492
51.0094
54.2447
49.6336
45.889
53.8335
54.2447
51.0094
41.406
45.889
51.0094
45.889
54.2447
41.3435
41.2356
2.27124
51.0094
49.6336
41.2356
41.3435
41.406
51.0094
41.3435
51.0094
41.2356
35.1342
0.424881
-0.0833391
35.3656
0.00218353
0.424881
35.1342
42.7582
35.3656
35.1342
35.3656
0.424881
35.8572
1.59282
0.00218353
38.2713
2.34105
1.59282
35.8572
45.4677
38.2713
35.8572
38.2713
1.59282
46.6799
47.742
45.4677
49.56
50.9731
47.742
46.6799
42.7582
49.56
46.6799
49.56
47.742
35.3656
35.8572
0.00218353
46.6799
45.4677
35.8572
35.3656
42.7582
46.6799
35.3656
46.6799
35.8572
55.483
56.1499
53.8335
53.1303
51.881
56.1499
55.483
55.3395
53.1303
55.483
53.1303
56.1499
48.2514
48.5113
51.881
47.742
50.9731
48.5113
48.2514
45.4677
47.742
48.2514
47.742
48.5113
49.2304
38.2713
45.4677
43.5111
2.34105
38.2713
49.2304
55.3395
43.5111
49.2304
43.5111
38.2713
53.1303
48.2514
51.881
49.2304
45.4677
48.2514
53.1303
55.3395
49.2304
53.1303
49.2304
48.2514
-92.245
-112.137
-108.487
-95.2389
-116.767
-112.137
-92.245
-69.5903
-95.2389
-92.245
-95.2389
-112.137
-97.2792
-114.613
-116.767
-94.7769
-111.634
-114.613
-97.2792
-70.6002
-94.7769
-97.2792
-94.7769
-114.613
-71.265
-43.8948
-70.6002
-44.2223
-0.0833391
-43.8948
-71.265
-69.5903
-44.2223
-71.265
-44.2223
-43.8948
-95.2389
-97.2792
-116.767
-71.265
-70.6002
-97.2792
-95.2389
-69.5903
-71.265
-95.2389
-71.265
-97.2792
-42.5267
1.59282
2.34105
-41.3247
0.00218353
1.59282
-42.5267
-67.9704
-41.3247
-42.5267
-41.3247
1.59282
-43.0608
0.424881
0.00218353
-43.8948
-0.0833391
0.424881
-43.0608
-70.6002
-43.8948
-43.0608
-43.8948
0.424881
-67.9093
-94.7769
-70.6002
-93.2462
-111.634
-94.7769
-67.9093
-67.9704
-93.2462
-67.9093
-93.2462
-94.7769
-41.3247
-43.0608
0.00218353
-67.9093
-70.6002
-43.0608
-41.3247
-67.9704
-67.9093
-41.3247
-67.9093
-43.0608
-43.1409
1.12492
0.899286
-43.6184
2.27124
1.12492
-43.1409
-69.8294
-43.6184
-43.1409
-43.6184
1.12492
-47.1863
0.0733101
2.27124
-50.4101
-5.63456
0.0733101
-47.1863
-76.3469
-50.4101
-47.1863
-50.4101
0.0733101
-71.3716
-95.4673
-76.3469
-92.3741
-108.487
-95.4673
-71.3716
-69.8294
-92.3741
-71.3716
-92.3741
-95.4673
-43.6184
-47.1863
2.27124
-71.3716
-76.3469
-47.1863
-43.6184
-69.8294
-71.3716
-43.6184
-71.3716
-47.1863
-94.9857
-114.613
-111.634
-100.072
-116.767
-114.613
-94.9857
-72.7026
-100.072
-94.9857
-100.072
-114.613
-101.583
-112.137
-116.767
-95.4673
-108.487
-112.137
-101.583
-76.3469
-95.4673
-101.583
-95.4673
-112.137
-77.2012
-50.4101
-76.3469
-51.0101
-5.63456
-50.4101
-77.2012
-72.7026
-51.0101
-77.2012
-51.0101
-50.4101
-100.072
-101.583
-116.767
-77.2012
-76.3469
-101.583
-100.072
-72.7026
-77.2012
-100.072
-77.2012
-101.583
58.3356
56.5843
55.4062
54.4094
51.7557
56.5843
58.3356
58.2096
54.4094
58.3356
54.4094
56.5843
47.9559
48.2569
51.7557
48.3475
50.8888
48.2569
47.9559
45.6008
48.3475
47.9559
48.3475
48.2569
49.1091
36.9203
45.6008
44.0335
2.65215
36.9203
49.1091
58.2096
44.0335
49.1091
44.0335
36.9203
54.4094
47.9559
51.7557
49.1091
45.6008
47.9559
54.4094
58.2096
49.1091
54.4094
49.1091
47.9559
34.9898
0.163536
-0.090731
36.0854
0.658074
0.163536
34.9898
43.5409
36.0854
34.9898
36.0854
0.163536
35.3241
2.09028
0.658074
36.9203
2.65215
2.09028
35.3241
45.6008
36.9203
35.3241
36.9203
2.09028
42.9975
48.3475
45.6008
49.6473
50.8888
48.3475
42.9975
43.5409
49.6473
42.9975
49.6473
48.3475
36.0854
35.3241
0.658074
42.9975
45.6008
35.3241
36.0854
43.5409
42.9975
36.0854
42.9975
35.3241
33.6149
0.233505
-6.72914
41.6158
2.56734
0.233505
33.6149
41.6223
41.6158
33.6149
41.6158
0.233505
40.6351
1.4405
2.56734
37.1999
0.938725
1.4405
40.6351
49.45
37.1999
40.6351
37.1999
1.4405
50.4578
53.8656
49.45
46.3761
55.4062
53.8656
50.4578
41.6223
46.3761
50.4578
46.3761
53.8656
41.6158
40.6351
2.56734
50.4578
49.45
40.6351
41.6158
41.6223
50.4578
41.6158
50.4578
40.6351
47.1612
48.2569
50.8888
47.6028
51.7557
48.2569
47.1612
44.6549
47.6028
47.1612
47.6028
48.2569
49.9131
56.5843
51.7557
53.8656
55.4062
56.5843
49.9131
49.45
53.8656
49.9131
53.8656
56.5843
44.4869
37.1999
49.45
35.7292
0.938725
37.1999
44.4869
44.6549
35.7292
44.4869
35.7292
37.1999
47.6028
49.9131
51.7557
44.4869
49.45
49.9131
47.6028
44.6549
44.4869
47.6028
44.4869
49.9131
-97.0854
-111.391
-111.99
-97.709
-113.788
-111.391
-97.0854
-77.3309
-97.709
-97.0854
-97.709
-111.391
-98.2399
-109.304
-113.788
-93.192
-107.883
-109.304
-98.2399
-74.0241
-93.192
-98.2399
-93.192
-109.304
-76.4155
-50.3072
-74.0241
-56.2076
-6.72914
-50.3072
-76.4155
-77.3309
-56.2076
-76.4155
-56.2076
-50.3072
-97.709
-98.2399
-113.788
-76.4155
-74.0241
-98.2399
-97.709
-77.3309
-76.4155
-97.709
-76.4155
-98.2399
-43.122
1.4405
0.938725
-42.7517
2.56734
1.4405
-43.122
-69.6415
-42.7517
-43.122
-42.7517
1.4405
-46.0723
0.233505
2.56734
-50.3072
-6.72914
0.233505
-46.0723
-74.0241
-50.3072
-46.0723
-50.3072
0.233505
-69.5549
-93.192
-74.0241
-92.2554
-107.883
-93.192
-69.5549
-69.6415
-92.2554
-69.5549
-92.2554
-93.192
-42.7517
-46.0723
2.56734
-69.5549
-74.0241
-46.0723
-42.7517
-69.6415
-69.5549
-42.7517
-69.5549
-46.0723
-40.9424
2.09028
2.65215
-39.9335
0.658074
2.09028
-40.9424
-68.1902
-39.9335
-40.9424
-39.9335
2.09028
-42.0596
0.163536
0.658074
-43.7157
-0.090731
0.163536
-42.0596
-70.2538
-43.7157
-42.0596
-43.7157
0.163536
-67.7312
-93.0916
-70.2538
-93.9513
-111.99
-93.0916
-67.7312
-68.1902
-93.9513
-67.7312
-93.9513
-93.0916
-39.9335
-42.0596
0.658074
-67.7312
-70.2538
-42.0596
-39.9335
-68.1902
-67.7312
-39.9335
-67.7312
-42.0596
-92.3512
-109.304
-107.883
-93.9723
-113.788
-109.304
-92.3512
-69.7534
-93.9723
-92.3512
-93.9723
-109.304
-95.848
-111.391
-113.788
-93.0916
-111.99
-111.391
-95.848
-70.2538
-93.0916
-95.848
-93.0916
-111.391
-71.4754
-43.7157
-70.2538
-44.1609
-0.090731
-43.7157
-71.4754
-69.7534
-44.1609
-71.4754
-44.1609
-43.7157
-93.9723
-95.848
-113.788
-71.4754
-70.2538
-95.848
-93.9723
-69.7534
-71.4754
-93.9723
-71.4754
-95.848
49.6473
50.4159
50.8888
46.4106
48.5153
50.4159
49.6473
43.5409
46.4106
49.6473
46.4106
50.4159
45.0114
50.4666
48.5153
47.0451
50.9731
50.4666
45.0114
42.5183
47.0451
45.0114
47.0451
50.4666
46.8485
34.0882
42.5183
34.9898
-0.090731
34.0882
46.8485
43.5409
34.9898
46.8485
34.9898
34.0882
46.4106
45.0114
48.5153
46.8485
42.5183
45.0114
46.4106
43.5409
46.8485
46.4106
46.8485
45.0114
35.6103
0.495026
0.899286
34.721
-0.440107
0.495026
35.6103
43.8602
34.721
35.6103
34.721
0.495026
35.6139
-0.0524875
-0.440107
34.0882
-0.090731
-0.0524875
35.6139
42.5183
34.0882
35.6139
34.0882
-0.0524875
46.8069
47.0451
42.5183
47.2707
50.9731
47.0451
46.8069
43.8602
47.2707
46.8069
47.2707
47.0451
34.721
35.6139
-0.440107
46.8069
42.5183
35.6139
34.721
43.8602
46.8069
34.721
46.8069
35.6139
35.7292
0.502491
0.938725
34.8627
-0.438891
0.502491
35.7292
44.6549
34.8627
35.7292
34.8627
0.502491
35.612
0.0196205
-0.438891
34.0105
-0.0833391
0.0196205
35.612
42.5379
34.0105
35.612
34.0105
0.0196205
46.7583
47.1549
42.5379
47.1612
50.8888
47.1549
46.7583
44.6549
47.1612
46.7583
47.1612
47.1549
34.8627
35.612
-0.438891
46.7583
42.5379
35.612
34.8627
44.6549
46.7583
34.8627
46.7583
35.612
49.56
50.4666
50.9731
46.3751
48.5153
50.4666
49.56
42.7582
46.3751
49.56
46.3751
50.4666
44.9781
50.4159
48.5153
47.1549
50.8888
50.4159
44.9781
42.5379
47.1549
44.9781
47.1549
50.4159
46.86
34.0105
42.5379
35.1342
-0.0833391
34.0105
46.86
42.7582
35.1342
46.86
35.1342
34.0105
46.3751
44.9781
48.5153
46.86
42.5379
44.9781
46.3751
42.7582
46.86
46.3751
46.86
44.9781
-92.2554
-108.516
-107.883
-93.0846
-110.434
-108.516
-92.2554
-69.6415
-93.0846
-92.2554
-93.0846
-108.516
-94.6542
-108.789
-110.434
-92.1793
-108.487
-108.789
-94.6542
-71.1829
-92.1793
-94.6542
-92.1793
-108.789
-70.3055
-42.7647
-71.1829
-43.122
0.938725
-42.7647
-70.3055
-69.6415
-43.122
-70.3055
-43.122
-42.7647
-93.0846
-94.6542
-110.434
-70.3055
-71.1829
-94.6542
-93.0846
-69.6415
-70.3055
-93.0846
-70.3055
-94.6542
-44.2223
0.0196205
-0.0833391
-41.4798
-0.438891
0.0196205
-44.2223
-69.5903
-41.4798
-44.2223
-41.4798
0.0196205
-44.408
0.502491
-0.438891
-42.7647
0.938725
0.502491
-44.408
-71.1829
-42.7647
-44.408
-42.7647
0.502491
-68.3688
-92.1793
-71.1829
-92.245
-108.487
-92.1793
-68.3688
-69.5903
-92.245
-68.3688
-92.245
-92.1793
-41.4798
-44.408
-0.438891
-68.3688
-71.1829
-44.408
-41.4798
-69.5903
-68.3688
-41.4798
-68.3688
-44.408
-44.1609
-0.0524875
-0.090731
-41.9826
-0.440107
-0.0524875
-44.1609
-69.7534
-41.9826
-44.1609
-41.9826
-0.0524875
-44.0566
0.495026
-0.440107
-42.6196
0.899286
0.495026
-44.0566
-70.6673
-42.6196
-44.0566
-42.6196
0.495026
-68.7215
-92.583
-70.6673
-92.3512
-107.883
-92.583
-68.7215
-69.7534
-92.3512
-68.7215
-92.3512
-92.583
-41.9826
-44.0566
-0.440107
-68.7215
-70.6673
-44.0566
-41.9826
-69.7534
-68.7215
-41.9826
-68.7215
-44.0566
-92.3741
-108.789
-108.487
-93.524
-110.434
-108.789
-92.3741
-69.8294
-93.524
-92.3741
-93.524
-108.789
-94.467
-108.516
-110.434
-92.583
-107.883
-108.516
-94.467
-70.6673
-92.583
-94.467
-92.583
-108.516
-70.6377
-42.6196
-70.6673
-43.1409
0.899286
-42.6196
-70.6377
-69.8294
-43.1409
-70.6377
-43.1409
-42.6196
-93.524
-94.467
-110.434
-70.6377
-70.6673
-94.467
-93.524
-69.8294
-70.6377
-93.524
-70.6377
-94.467
47.2707
48.5113
50.9731
47.2039
51.881
48.5113
47.2707
43.8602
47.2039
47.2707
47.2039
48.5113
50.7264
56.1499
51.881
54.2447
53.8332
56.1499
50.7264
49.6336
54.2447
50.7264
54.2447
56.1499
47.3413
36.93
49.6336
35.6103
0.899286
36.93
47.3413
43.8602
35.6103
47.3413
35.6103
36.93
47.2039
50.7264
51.881
47.3413
49.6336
50.7264
47.2039
43.8602
47.3413
47.2039
47.3413
50.7264
33.3289
0.0733101
-5.63413
41.3435
2.27124
0.0733101
33.3289
41.406
41.3435
33.3289
41.3435
0.0733101
41.2356
1.12492
2.27124
36.93
0.899286
1.12492
41.2356
49.6336
36.93
41.2356
36.93
1.12492
51.0094
54.2447
49.6336
45.8893
53.8332
54.2447
51.0094
41.406
45.8893
51.0094
45.8893
54.2447
41.3435
41.2356
2.27124
51.0094
49.6336
41.2356
41.3435
41.406
51.0094
41.3435
51.0094
41.2356
35.1342
0.424881
-0.0833391
35.3656
0.00218353
0.424881
35.1342
42.7582
35.3656
35.1342
35.3656
0.424881
35.8572
1.59282
0.00218353
38.2713
2.34105
1.59282
35.8572
45.4677
38.2713
35.8572
38.2713
1.59282
46.6799
47.742
45.4677
49.56
50.9731
47.742
46.6799
42.7582
49.56
46.6799
49.56
47.742
35.3656
35.8572
0.00218353
46.6799
45.4677
35.8572
35.3656
42.7582
46.6799
35.3656
46.6799
35.8572
55.4824
56.1499
53.8332
53.1303
51.881
56.1499
55.4824
55.3395
53.1303
55.4824
53.1303
56.1499
48.2514
48.5113
51.881
47.742
50.9731
48.5113
48.2514
45.4677
47.742
48.2514
47.742
48.5113
49.2304
38.2713
45.4677
43.5111
2.34105
38.2713
49.2304
55.3395
43.5111
49.2304
43.5111
38.2713
53.1303
48.2514
51.881
49.2304
45.4677
48.2514
53.1303
55.3395
49.2304
53.1303
49.2304
48.2514
-92.245
-112.137
-108.487
-95.2389
-116.767
-112.137
-92.245
-69.5903
-95.2389
-92.245
-95.2389
-112.137
-97.2792
-114.613
-116.767
-94.7769
-111.634
-114.613
-97.2792
-70.6002
-94.7769
-97.2792
-94.7769
-114.613
-71.265
-43.8948
-70.6002
-44.2223
-0.0833391
-43.8948
-71.265
-69.5903
-44.2223
-71.265
-44.2223
-43.8948
-95.2389
-97.2792
-116.767
-71.265
-70.6002
-97.2792
-95.2389
-69.5903
-71.265
-95.2389
-71.265
-97.2792
-42.5267
1.59282
2.34105
-41.3247
0.00218353
1.59282
-42.5267
-67.9708
-41.3247
-42.5267
-41.3247
1.59282
-43.0608
0.424881
0.00218353
-43.8948
-0.0833391
0.424881
-43.0608
-70.6002
-43.8948
-43.0608
-43.8948
0.424881
-67.9093
-94.7769
-70.6002
-93.2468
-111.634
-94.7769
-67.9093
-67.9708
-93.2468
-67.9093
-93.2468
-94.7769
-41.3247
-43.0608
0.00218353
-67.9093
-70.6002
-43.0608
-41.3247
-67.9708
-67.9093
-41.3247
-67.9093
-43.0608
-43.1409
1.12492
0.899286
-43.6184
2.27124
1.12492
-43.1409
-69.8294
-43.6184
-43.1409
-43.6184
1.12492
-47.1863
0.0733101
2.27124
-50.4101
-5.63413
0.0733101
-47.1863
-76.3469
-50.4101
-47.1863
-50.4101
0.0733101
-71.3716
-95.4673
-76.3469
-92.3741
-108.487
-95.4673
-71.3716
-69.8294
-92.3741
-71.3716
-92.3741
-95.4673
-43.6184
-47.1863
2.27124
-71.3716
-76.3469
-47.1863
-43.6184
-69.8294
-71.3716
-43.6184
-71.3716
-47.1863
-94.9857
-114.613
-111.634
-100.072
-116.767
-114.613
-94.9857
-72.7027
-100.072
-94.9857
-100.072
-114.613
-101.583
-112.137
-116.767
-95.4673
-108.487
-112.137
-101.583
-76.3469
-95.4673
-101.583
-95.4673
-112.137
-77.2012
-50.4101
-76.3469
-51.0101
-5.63413
-50.4101
-77.2012
-72.7027
-51.0101
-77.2012
-51.0101
-50.4101
-100.072
-101.583
-116.767
-77.2012
-76.3469
-101.583
-100.072
-72.7027
-77.2012
-100.072
-77.2012
-101.583
45.8893
30.1007
53.8332
23.3366
2.86365
30.1007
45.8893
41.406
23.3366
45.8893
23.3366
30.1007
4.9088
-39.9051
2.86365
-18.2052
-104.125
-39.9051
4.9088
4.50014
-18.2052
4.9088
-18.2052
-39.9051
21.1679
15.3178
4.50014
33.3289
-5.63413
15.3178
21.1679
41.406
33.3289
21.1679
33.3289
15.3178
23.3366
4.9088
2.86365
21.1679
4.50014
4.9088
23.3366
41.406
21.1679
23.3366
21.1679
4.9088
-13.4613
-27.8557
-23.5779
-11.7693
-22.6478
-27.8557
-13.4613
-20.2912
-11.7693
-13.4613
-11.7693
-27.8557
0.117572
-14.4826
-22.6478
15.3178
-5.63413
-14.4826
0.117572
4.50014
15.3178
0.117572
15.3178
-14.4826
-10.2681
-18.2052
4.50014
-42.6136
-104.125
-18.2052
-10.2681
-20.2912
-42.6136
-10.2681
-42.6136
-18.2052
-11.7693
0.117572
-22.6478
-10.2681
4.50014
0.117572
-11.7693
-20.2912
-10.2681
-11.7693
-10.2681
0.117572
43.5111
0.572018
2.34105
41.9422
-4.14936
0.572018
43.5111
55.3395
41.9422
43.5111
41.9422
0.572018
21.6074
-20.3571
-4.14936
-13.5335
-38.7162
-20.3571
21.6074
14.6335
-13.5335
21.6074
-13.5335
-20.3571
45.8732
38.2745
14.6335
55.4824
53.8332
38.2745
45.8732
55.3395
55.4824
45.8732
55.4824
38.2745
41.9422
21.6074
-4.14936
45.8732
14.6335
21.6074
41.9422
55.3395
45.8732
41.9422
45.8732
21.6074
-39.2115
-39.9051
-104.125
-18.4883
2.86365
-39.9051
-39.2115
-26.3227
-18.4883
-39.2115
-18.4883
-39.9051
7.81445
30.1007
2.86365
38.2745
53.8332
30.1007
7.81445
14.6335
38.2745
7.81445
38.2745
30.1007
-12.8834
-13.5335
14.6335
-24.8232
-38.7162
-13.5335
-12.8834
-26.3227
-24.8232
-12.8834
-24.8232
-13.5335
-18.4883
7.81445
2.86365
-12.8834
14.6335
7.81445
-18.4883
-26.3227
-12.8834
-18.4883
-12.8834
7.81445
-93.2468
-110.694
-111.634
-93.9398
-115.489
-110.694
-93.2468
-67.9708
-93.9398
-93.2468
-93.9398
-110.694
-95.1796
-115.452
-115.489
-91.9463
-115.712
-115.452
-95.1796
-67.2143
-91.9463
-95.1796
-91.9463
-115.452
-69.2405
-44.7443
-67.2143
-42.5267
2.34105
-44.7443
-69.2405
-67.9708
-42.5267
-69.2405
-42.5267
-44.7443
-93.9398
-95.1796
-115.489
-69.2405
-67.2143
-95.1796
-93.9398
-67.9708
-69.2405
-93.9398
-69.2405
-95.1796
-46.2362
-20.3571
-38.7162
-39.6637
-4.14936
-20.3571
-46.2362
-64.5739
-39.6637
-46.2362
-39.6637
-20.3571
-43.2699
0.572018
-4.14936
-44.7443
2.34105
0.572018
-43.2699
-67.2143
-44.7443
-43.2699
-44.7443
0.572018
-61.3235
-91.9463
-67.2143
-94.4327
-115.712
-91.9463
-61.3235
-64.5739
-94.4327
-61.3235
-94.4327
-91.9463
-39.6637
-43.2699
-4.14936
-61.3235
-67.2143
-43.2699
-39.6637
-64.5739
-61.3235
-39.6637
-61.3235
-43.2699
-51.0101
-14.4826
-5.63413
-49.6411
-22.6478
-14.4826
-51.0101
-72.7027
-49.6411
-51.0101
-49.6411
-14.4826
-51.087
-27.8557
-22.6478
-50.7906
-23.5779
-27.8557
-51.087
-71.9731
-50.7906
-51.087
-50.7906
-27.8557
-68.5907
-92.0644
-71.9731
-94.9857
-111.634
-92.0644
-68.5907
-72.7027
-94.9857
-68.5907
-94.9857
-92.0644
-49.6411
-51.087
-22.6478
-68.5907
-71.9731
-51.087
-49.6411
-72.7027
-68.5907
-49.6411
-68.5907
-51.087
-94.0319
-115.452
-115.712
-98.9858
-115.489
-115.452
-94.0319
-63.2082
-98.9858
-94.0319
-98.9858
-115.452
-97.8219
-110.694
-115.489
-92.0644
-111.634
-110.694
-97.8219
-71.9731
-92.0644
-97.8219
-92.0644
-110.694
-71.7943
-50.7906
-71.9731
-43.2568
-23.5779
-50.7906
-71.7943
-63.2082
-43.2568
-71.7943
-43.2568
-50.7906
-98.9858
-97.8219
-115.489
-71.7943
-71.9731
-97.8219
-98.9858
-63.2082
-71.7943
-98.9858
-71.7943
-97.8219
-94.4327
-116.056
-115.712
-96.854
-116.386
-116.056
-94.4327
-64.5739
-96.854
-94.4327
-96.854
-116.056
-90.0873
-115.29
-116.386
-85.7044
-114.439
-115.29
-90.0873
-52.1336
-85.7044
-90.0873
-85.7044
-115.29
-65.0628
-41.639
-52.1336
-46.2362
-38.7162
-41.639
-65.0628
-64.5739
-46.2362
-65.0628
-46.2362
-41.639
-96.854
-90.0873
-116.386
-65.0628
-52.1336
-90.0873
-96.854
-64.5739
-65.0628
-96.854
-65.0628
-90.0873
-40.2753
1.8005
-16.3236
-20.5309
-0.288927
1.8005
-40.2753
-61.1968
-20.5309
-40.2753
-20.5309
1.8005
-22.2326
-10.0061
-0.288927
-41.639
-38.7162
-10.0061
-22.2326
-52.1336
-41.639
-22.2326
-41.639
-10.0061
-47.966
-85.7044
-52.1336
-92.7426
-114.439
-85.7044
-47.966
-61.1968
-92.7426
-47.966
-92.7426
-85.7044
-20.5309
-22.2326
-0.288927
-47.966
-52.1336
-22.2326
-20.5309
-61.1968
-47.966
-20.5309
-47.966
-22.2326
-43.2568
-9.95021
-23.5779
-26.5139
-1.19545
-9.95021
-43.2568
-63.2082
-26.5139
-43.2568
-26.5139
-9.95021
-19.1345
1.31475
-1.19545
-36.5203
-31.0437
1.31475
-19.1345
-48.253
-36.5203
-19.1345
-36.5203
1.31475
-48.5911
-85.9055
-48.253
-94.0319
-115.712
-85.9055
-48.5911
-63.2082
-94.0319
-48.5911
-94.0319
-85.9055
-26.5139
-19.1345
-1.19545
-48.5911
-48.253
-19.1345
-26.5139
-63.2082
-48.5911
-26.5139
-48.5911
-19.1345
-93.9846
-115.29
-114.439
-96.9606
-116.386
-115.29
-93.9846
-58.3944
-96.9606
-93.9846
-96.9606
-115.29
-90.1387
-116.056
-116.386
-85.9055
-115.712
-116.056
-90.1387
-48.253
-85.9055
-90.1387
-85.9055
-116.056
-58.8104
-36.5203
-48.253
-41.1457
-31.0437
-36.5203
-58.8104
-58.3944
-41.1457
-58.8104
-41.1457
-36.5203
-96.9606
-90.1387
-116.386
-58.8104
-48.253
-90.1387
-96.9606
-58.3944
-58.8104
-96.9606
-58.8104
-90.1387
-38.6155
-40.2839
-104.125
-18.278
3.83718
-40.2839
-38.6155
-25.1124
-18.278
-38.6155
-18.278
-40.2839
8.45511
31.6588
3.83718
40.5197
55.4062
31.6588
8.45511
14.1873
40.5197
8.45511
40.5197
31.6588
-12.8123
-12.8583
14.1873
-22.7418
-31.0437
-12.8583
-12.8123
-25.1124
-22.7418
-12.8123
-22.7418
-12.8583
-18.278
8.45511
3.83718
-12.8123
14.1873
8.45511
-18.278
-25.1124
-12.8123
-18.278
-12.8123
8.45511
44.0335
-3.45003
2.65215
42.6127
-12.9665
-3.45003
44.0335
58.2096
42.6127
44.0335
42.6127
-3.45003
20.4398
-25.7424
-12.9665
-12.8583
-31.0437
-25.7424
20.4398
14.1873
-12.8583
20.4398
-12.8583
-25.7424
47.1886
40.5197
14.1873
58.3356
55.4062
40.5197
47.1886
58.2096
58.3356
47.1886
58.3356
40.5197
42.6127
20.4398
-12.9665
47.1886
14.1873
20.4398
42.6127
58.2096
47.1886
42.6127
47.1886
20.4398
-10.1166
-25.4078
-16.3236
-10.7049
-26.6299
-25.4078
-10.1166
-19.1825
-10.7049
-10.1166
-10.7049
-25.4078
-0.773697
-19.5197
-26.6299
16.2401
-6.72914
-19.5197
-0.773697
4.863
16.2401
-0.773697
16.2401
-19.5197
-10.2356
-18.2728
4.863
-43.2254
-104.125
-18.2728
-10.2356
-19.1825
-43.2254
-10.2356
-43.2254
-18.2728
-10.7049
-0.773697
-26.6299
-10.2356
4.863
-0.773697
-10.7049
-19.1825
-10.2356
-10.7049
-10.2356
-0.773697
46.3761
31.6588
55.4062
24.7019
3.83718
31.6588
46.3761
41.6223
24.7019
46.3761
24.7019
31.6588
5.6093
-40.2839
3.83718
-18.2728
-104.125
-40.2839
5.6093
4.863
-18.2728
5.6093
-18.2728
-40.2839
22.5403
16.2401
4.863
33.6149
-6.72914
16.2401
22.5403
41.6223
33.6149
22.5403
33.6149
16.2401
24.7019
5.6093
3.83718
22.5403
4.863
5.6093
24.7019
41.6223
22.5403
24.7019
22.5403
5.6093
-92.7426
-116.218
-114.439
-98.6323
-116.89
-116.218
-92.7426
-61.1968
-98.6323
-92.7426
-98.6323
-116.218
-95.4045
-111.63
-116.89
-92.0801
-111.99
-111.63
-95.4045
-70.1399
-92.0801
-95.4045
-92.0801
-111.63
-71.3886
-48.5929
-70.1399
-40.2753
-16.3236
-48.5929
-71.3886
-61.1968
-40.2753
-71.3886
-40.2753
-48.5929
-98.6323
-95.4045
-116.89
-71.3886
-70.1399
-95.4045
-98.6323
-61.1968
-71.3886
-98.6323
-71.3886
-95.4045
-56.2076
-19.5197
-6.72914
-57.9414
-26.6299
-19.5197
-56.2076
-77.3309
-57.9414
-56.2076
-57.9414
-19.5197
-53.3571
-25.4078
-26.6299
-48.5929
-16.3236
-25.4078
-53.3571
-70.1399
-48.5929
-53.3571
-48.5929
-25.4078
-71.9029
-92.0801
-70.1399
-97.0854
-111.99
-92.0801
-71.9029
-77.3309
-97.0854
-71.9029
-97.0854
-92.0801
-57.9414
-53.3571
-26.6299
-71.9029
-70.1399
-53.3571
-57.9414
-77.3309
-71.9029
-57.9414
-71.9029
-53.3571
-41.1457
-25.7424
-31.0437
-42.286
-12.9665
-25.7424
-41.1457
-58.3944
-42.286
-41.1457
-42.286
-25.7424
-49.5725
-3.45003
-12.9665
-47.0041
2.65215
-3.45003
-49.5725
-70.8217
-47.0041
-49.5725
-47.0041
-3.45003
-60.0014
-93.2411
-70.8217
-93.9846
-114.439
-93.2411
-60.0014
-58.3944
-93.9846
-60.0014
-93.9846
-93.2411
-42.286
-49.5725
-12.9665
-60.0014
-70.8217
-49.5725
-42.286
-58.3944
-60.0014
-42.286
-60.0014
-49.5725
-93.9513
-111.63
-111.99
-95.5565
-116.89
-111.63
-93.9513
-68.1902
-95.5565
-93.9513
-95.5565
-111.63
-97.9708
-116.218
-116.89
-93.2411
-114.439
-116.218
-97.9708
-70.8217
-93.2411
-97.9708
-93.2411
-116.218
-70.8818
-47.0041
-70.8217
-40.9424
2.65215
-47.0041
-70.8818
-68.1902
-40.9424
-70.8818
-40.9424
-47.0041
-95.5565
-97.9708
-116.89
-70.8818
-70.8217
-97.9708
-95.5565
-68.1902
-70.8818
-95.5565
-70.8818
-97.9708
