1.02006
1.02008
1.02011
1.02008
1.0201
1.02009
1.02007
1.0201
1.0201
1.02008
1.02009
1.0201
1.02006
1.02011
1.02008
1.02009
1.0201
1.02007
1.0201
1.02011
1.02008
1.02007
1.02012
1.02007
1.02008
1.02011
1.0201
1.02007
1.0201
1.02009
1.02007
1.02012
1.02007
1.0201
1.02011
1.02008
1.02009
1.0201
1.02007
1.02007
1.0201
1.02009
1.02008
1.02011
1.0201
1.0201
1.02009
1.02008
1.02008
1.02011
1.02006
1.02011
1.02008
1.02006
1.02009
1.0201
1.02008
1.0201
1.0201
1.02007
1.01835
1.02008
1.01836
1.01834
1.01832
1.02011
1.02006
1.01835
1.01836
1.01836
1.0201
1.01832
1.01836
1.01834
1.02009
1.02008
1.01837
1.01835
1.01837
1.0201
1.01834
1.01837
1.01834
1.0201
1.02007
1.01837
1.01837
1.01836
1.02009
1.01834
1.01836
1.01832
1.0201
1.02008
1.01835
1.01837
1.01834
1.02011
1.01832
1.01834
1.01836
1.02008
1.02006
1.01836
1.01835
1.01835
1.0201
1.01832
1.01835
1.01834
1.02007
1.02009
1.01835
1.01833
1.01835
1.02011
1.01832
1.01835
1.01836
1.02008
1.0201
1.01836
1.01831
1.01834
1.02012
1.01834
1.01832
1.01837
1.02007
1.02007
1.01837
1.01832
1.01832
1.02011
1.01835
1.01831
1.01836
1.0201
1.02008
1.01836
1.01835
1.01832
1.0201
1.01835
1.01833
1.01834
1.02009
1.02007
1.01834
1.01835
1.01833
1.02012
1.01833
1.01832
1.01837
1.02007
1.02007
1.01837
1.01832
1.01835
1.02011
1.01831
1.01835
1.01836
1.02008
1.0201
1.01835
1.01832
1.01835
1.0201
1.01832
1.01835
1.01834
1.02007
1.02009
1.01834
1.01834
1.01832
1.0201
1.01835
1.01834
1.01835
1.02009
1.02007
1.01834
1.01835
1.01831
1.02011
1.01835
1.01832
1.01835
1.0201
1.02008
1.01836
1.01835
1.01834
1.02009
1.01836
1.01837
1.01835
1.02008
1.0201
1.01832
1.01835
1.01832
1.02011
1.01834
1.01835
1.01836
1.02006
1.02008
1.01836
1.01834
1.01836
1.02008
1.01835
1.01836
1.01835
1.02006
1.02011
1.01832
1.01834
1.01832
1.0201
1.01835
1.01835
1.01837
1.02008
1.02009
1.01834
1.01836
1.01834
1.0201
1.01837
1.01837
1.01837
1.02007
1.0201
1.01834
1.01837
1.02011
1.02009
1.02006
1.02008
1.02006
1.02009
1.02008
1.02011
1.02008
1.02009
1.02007
1.02008
1.0201
1.02008
1.02009
1.02007
1.02009
1.0201
1.0201
1.02008
1.02007
1.0201
1.02007
1.02007
1.02007
1.0201
1.0201
1.0201
1.02008
1.02008
1.02009
1.02008
1.02008
1.02007
1.0201
1.02009
1.02008
1.02009
1.02006
1.02011
1.02006
1.02008
1.02008
1.02008
1.02011
1.02007
1.02008
1.02009
1.0201
1.02009
1.02009
1.02006
1.02007
1.0201
1.02008
1.02007
1.0201
1.02011
1.0201
1.02007
1.02006
1.02008
1.02011
1.02007
1.02007
1.02007
1.02012
1.02007
1.02009
1.02009
1.02007
1.02012
1.0201
1.02007
1.02008
1.02011
1.02008
1.02006
1.02007
1.0201
1.02011
1.02009
1.02008
1.02007
1.0201
1.02007
1.02006
1.02009
1.02009
1.0201
1.02007
1.02007
1.02007
1.02012
1.02007
1.02009
1.02009
1.02007
1.02012
1.02008
1.02007
1.0201
1.02011
1.0201
1.02007
1.02006
1.02008
1.02011
1.02007
1.02008
1.02009
1.0201
1.02009
1.02009
1.02006
1.02007
1.0201
1.02009
1.02008
1.02007
1.0201
1.02007
1.02006
1.02009
1.02009
1.0201
1.0201
1.02007
1.02008
1.02011
1.02008
1.02006
1.02007
1.0201
1.02011
1.02008
1.02008
1.0201
1.02009
1.0201
1.02007
1.02007
1.02008
1.02009
1.02006
1.02009
1.02008
1.02011
1.02008
1.02008
1.02008
1.02006
1.02011
1.02006
1.02009
1.02011
1.02008
1.02011
1.02008
1.02009
1.02006
1.02008
1.02008
1.02007
1.02009
1.0201
1.02009
1.02007
1.02009
1.02008
1.0201
1.02007
1.02007
1.0201
1.0201
1.0201
1.02007
1.02007
1.02007
1.0201
1.01836
1.01463
1.01835
1.02008
1.01835
1.02008
1.02009
1.01836
1.02008
1.02011
1.02008
1.01834
1.01832
1.01834
1.01464
1.02009
1.02011
1.01832
1.01836
1.02009
1.02006
1.01835
1.02006
1.02009
1.01461
1.01836
1.01835
1.01832
1.01464
1.01836
1.0201
1.01836
1.02007
1.02009
1.01832
1.0201
1.02009
1.02007
1.01836
1.01834
1.01836
1.01461
1.02007
1.02009
1.01834
1.01835
1.02009
1.02008
1.01837
1.02008
1.02007
1.01461
1.01835
1.01837
1.01834
1.01461
1.01837
1.0201
1.01837
1.02007
1.02007
1.01834
1.0201
1.0201
1.02007
1.01837
1.01834
1.01837
1.01461
1.02008
1.0201
1.01834
1.01837
1.02007
1.02007
1.01837
1.02007
1.02008
1.01461
1.01837
1.01837
1.01834
1.01461
1.01836
1.02009
1.01836
1.02007
1.02008
1.01834
1.02009
1.0201
1.02007
1.01836
1.01832
1.01836
1.01465
1.02008
1.0201
1.01832
1.01837
1.02008
1.02008
1.01835
1.02008
1.02008
1.01461
1.01837
1.01835
1.01832
1.01465
1.01834
1.02011
1.01834
1.02008
1.02008
1.01832
1.02011
1.02008
1.02008
1.01834
1.01836
1.01834
1.01463
1.02009
1.02008
1.01836
1.01835
1.02008
1.02006
1.01836
1.02006
1.02009
1.01461
1.01835
1.01836
1.01832
1.01462
1.01835
1.0201
1.01835
1.02006
1.02009
1.01832
1.0201
1.02007
1.02006
1.01835
1.01834
1.01835
1.01464
1.02008
1.02007
1.01834
1.01833
1.02009
1.02009
1.01835
1.02009
1.02008
1.01463
1.01833
1.01835
1.01832
1.01465
1.01835
1.02011
1.01835
1.02006
1.02007
1.01832
1.02011
1.02008
1.02006
1.01835
1.01836
1.01835
1.01461
1.02007
1.02008
1.01836
1.01831
1.02007
1.0201
1.01836
1.0201
1.02007
1.01464
1.01831
1.01836
1.01834
1.01463
1.01834
1.02012
1.01834
1.02009
1.02009
1.01834
1.02012
1.02007
1.02009
1.01832
1.01837
1.01832
1.01461
1.02007
1.02007
1.01837
1.01832
1.02009
1.02007
1.01837
1.02007
1.02007
1.01461
1.01832
1.01837
1.01835
1.01465
1.01832
1.02011
1.01832
1.02007
1.02006
1.01835
1.02011
1.0201
1.02007
1.01831
1.01836
1.01831
1.01465
1.02007
1.0201
1.01836
1.01835
1.02006
1.02008
1.01836
1.02008
1.02007
1.01461
1.01835
1.01836
1.01835
1.01462
1.01832
1.0201
1.01832
1.02009
1.02006
1.01835
1.0201
1.02009
1.02009
1.01833
1.01834
1.01833
1.01463
1.02008
1.02009
1.01834
1.01835
1.02006
1.02007
1.01834
1.02007
1.02008
1.01465
1.01835
1.01834
1.01833
1.01463
1.01833
1.02012
1.01833
1.02009
1.02009
1.01833
1.02012
1.02007
1.02009
1.01832
1.01837
1.01832
1.01462
1.02007
1.02007
1.01837
1.01832
1.02009
1.02007
1.01837
1.02007
1.02007
1.01462
1.01832
1.01837
1.01831
1.01464
1.01835
1.02011
1.01835
1.02006
1.02007
1.01831
1.02011
1.02008
1.02006
1.01835
1.01836
1.01835
1.01462
1.02007
1.02008
1.01836
1.01832
1.02007
1.0201
1.01835
1.0201
1.02007
1.01465
1.01832
1.01835
1.01832
1.01461
1.01835
1.0201
1.01835
1.02006
1.02009
1.01832
1.0201
1.02007
1.02006
1.01835
1.01834
1.01835
1.01465
1.02008
1.02007
1.01834
1.01834
1.02009
1.02009
1.01834
1.02009
1.02008
1.01463
1.01834
1.01834
1.01835
1.01461
1.01832
1.0201
1.01832
1.02009
1.02006
1.01835
1.0201
1.02009
1.02009
1.01834
1.01835
1.01834
1.01463
1.02008
1.02009
1.01835
1.01835
1.02006
1.02007
1.01834
1.02007
1.02008
1.01465
1.01835
1.01834
1.01835
1.01465
1.01831
1.02011
1.01831
1.02007
1.02006
1.01835
1.02011
1.0201
1.02007
1.01832
1.01835
1.01832
1.01465
1.02007
1.0201
1.01835
1.01835
1.02006
1.02008
1.01836
1.02008
1.02007
1.01462
1.01835
1.01836
1.01836
1.01462
1.01834
1.02009
1.01834
1.02007
1.02007
1.01836
1.02009
1.02008
1.02007
1.01837
1.01835
1.01837
1.01461
1.02008
1.02008
1.01835
1.01835
1.02007
1.0201
1.01832
1.0201
1.02008
1.01465
1.01835
1.01832
1.01834
1.01465
1.01832
1.02011
1.01832
1.02008
1.02008
1.01834
1.02011
1.02006
1.02008
1.01835
1.01836
1.01835
1.01461
1.02009
1.02006
1.01836
1.01834
1.02008
1.02008
1.01836
1.02008
1.02009
1.01463
1.01834
1.01836
1.01835
1.01463
1.01836
1.02008
1.01836
1.02009
1.02008
1.01835
1.02008
1.02006
1.02009
1.01836
1.01835
1.01836
1.01461
1.02009
1.02006
1.01835
1.01834
1.02008
1.02011
1.01832
1.02011
1.02009
1.01465
1.01834
1.01832
1.01835
1.01465
1.01832
1.0201
1.01832
1.02009
1.02007
1.01835
1.0201
1.02008
1.02009
1.01835
1.01837
1.01835
1.01461
1.02007
1.02008
1.01837
1.01836
1.02007
1.02009
1.01834
1.02009
1.02007
1.01462
1.01836
1.01834
1.01837
1.01462
1.01834
1.0201
1.01834
1.02007
1.02007
1.01837
1.0201
1.02007
1.02007
1.01837
1.01837
1.01837
1.01461
1.02007
1.02007
1.01837
1.01837
1.02007
1.0201
1.01834
1.0201
1.02007
1.01462
1.01837
1.01834
