1.07978
1.07979
1.07978
1.07978
1.07978
1.07979
1.07978
1.07978
1.07978
1.07978
1.07979
1.07978
1.07978
1.07978
1.07979
1.07978
1.07978
1.07979
1.07978
1.07978
1.07978
1.07979
1.07978
1.07979
1.07978
1.07978
1.07978
1.07979
1.07978
1.07978
1.07979
1.07978
1.07979
1.07978
1.07979
1.07978
1.07978
1.07978
1.07979
1.07979
1.07978
1.07978
1.07978
1.07979
1.07978
1.07978
1.07979
1.07979
1.07979
1.07978
1.07978
1.07978
1.07979
1.07978
1.07979
1.07978
1.07979
1.07978
1.07978
1.07978
1.07978
1.06991
1.07978
1.07979
1.07978
1.06992
1.06991
1.07978
1.07979
1.07979
1.06992
1.07978
1.07978
1.07978
1.06991
1.06991
1.07979
1.07978
1.07978
1.06991
1.07978
1.07978
1.07978
1.06991
1.06991
1.07978
1.07978
1.07978
1.06991
1.07978
1.07979
1.07978
1.06991
1.06991
1.07978
1.07979
1.07979
1.06991
1.07978
1.07978
1.07978
1.06991
1.06991
1.07979
1.07978
1.07979
1.06991
1.07978
1.07978
1.07978
1.06992
1.06991
1.07979
1.07978
1.07978
1.06992
1.07978
1.07978
1.07978
1.06991
1.06992
1.07978
1.07978
1.07979
1.06991
1.07979
1.07978
1.07979
1.06991
1.06991
1.07979
1.07978
1.07978
1.06991
1.07978
1.07978
1.07978
1.06991
1.06991
1.07978
1.07978
1.07978
1.06991
1.07979
1.07978
1.07979
1.06991
1.06991
1.07978
1.07978
1.07979
1.06991
1.07979
1.07978
1.07979
1.06991
1.06991
1.07979
1.07978
1.07978
1.06992
1.07978
1.07979
1.07978
1.06991
1.06992
1.07978
1.07979
1.07979
1.06991
1.07978
1.07978
1.07978
1.06992
1.06991
1.07979
1.07978
1.07978
1.06991
1.07979
1.07978
1.07979
1.06991
1.06991
1.07978
1.07978
1.07978
1.06991
1.07978
1.07979
1.07978
1.06991
1.06991
1.07978
1.07979
1.07979
1.06991
1.07978
1.07979
1.07978
1.06991
1.06992
1.07979
1.07979
1.07978
1.06992
1.07979
1.07978
1.07979
1.06991
1.06991
1.07978
1.07978
1.07978
1.06991
1.07978
1.07979
1.07978
1.06991
1.06991
1.07978
1.07979
1.07979
1.06991
1.07979
1.07978
1.07979
1.06991
1.06991
1.07979
1.07978
1.07978
1.06991
1.07978
1.07978
1.07978
1.06991
1.06991
1.07978
1.07978
